ConfigurationId:	0
BitDepth:			8
ReadBer:			0 140.93921174076698; 
WriteBer:			0 140.93921174076698;
PassiveBer:			0 140.93921174076698; 
ADD_BUFFER

ConfigurationId:	1
BitDepth:			8
ReadBer:			0 140.93921174076698; 
WriteBer:			0 140.93921174076698; 
PassiveBer:			0 140.93921174076698;
ADD_BUFFER