ConfigurationId:	0
BitDepth:			8
ReadBer:			0 1362488.7254002038;
WriteBer:			0 1362488.7254002038;
PassiveBer:			0 1362488.7254002038;
ADD_BUFFER

ConfigurationId:	1
BitDepth:			8
ReadBer:			0 1362488.7254002038;
WriteBer:			0 1362488.7254002038;
PassiveBer:			0 1362488.7254002038;
ADD_BUFFER