ConfigurationId:	0
BitDepth:			8
ReadBer:			0 14139.36791718262;
WriteBer:			0 14139.36791718262;
PassiveBer:			0 14139.36791718262;
ADD_BUFFER

ConfigurationId:	1
BitDepth:			8
ReadBer:			0 14139.36791718262;
WriteBer:			0 14139.36791718262;
PassiveBer:			0 14139.36791718262;
ADD_BUFFER